[33.355174640020081, 400, None, False, 'RF', [('hum_avg', 0.19235176854766325), ('temp_high', 0.18213309451730239), ('temp_low', 0.17656109336697245), ('wind_low', 0.1681540728612568), ('wind_avg', 0.13451703470228446), ('DOW', 0.10427594835121258), ('prec', 0.042006987653308264)]]

[33.376776797245292, 150, None, True, 'RF', [('hum_avg', 0.19218006753491559), ('temp_high', 0.18475721261937386), ('temp_low', 0.17747214202306719), ('wind_low', 0.16600087737599228), ('wind_avg', 0.13445705880470232), ('DOW', 0.10001230787585119), ('prec', 0.045120333766097677)]]

[33.481386849623476, 300, None, True, 'RF', [('hum_avg', 0.19069030144338947), ('temp_high', 0.18430987600437435), ('temp_low', 0.17796983263783803), ('wind_low', 0.16725095162127387), ('wind_avg', 0.13532850201393798), ('DOW', 0.10079307377425178), ('prec', 0.043657462504934734)]]

[33.550171779343259, 200, None, True, 'RF', [('hum_avg', 0.19264918665129527), ('temp_high', 0.18330944231065854), ('temp_low', 0.17826222488543766), ('wind_low', 0.1667877211684573), ('wind_avg', 0.13449905035608145), ('DOW', 0.097796237266398092), ('prec', 0.046696137361671636)]]

[33.639103023330435, 400, None, True, 'RF', [('hum_avg', 0.18982254346422545), ('temp_high', 0.18569944311107137), ('temp_low', 0.18049257902941029), ('wind_low', 0.16800833996700745), ('wind_avg', 0.13431941194349148), ('DOW', 0.098718559133670822), ('prec', 0.042939123351123244)]]

[33.699693596347309, 200, None, True, 'RF', [('hum_avg', 0.19350949866053913), ('temp_high', 0.1846694943478408), ('temp_low', 0.18081928339124989), ('wind_low', 0.1662265382113586), ('wind_avg', 0.13320855985273822), ('DOW', 0.098055027841203624), ('prec', 0.043511597695069841)]]

[33.818698283208633, 300, None, True, 'RF', [('hum_avg', 0.19086509620057909), ('temp_high', 0.18445650553238566), ('temp_low', 0.18151638982294985), ('wind_low', 0.16505817895275712), ('wind_avg', 0.13552550377456019), ('DOW', 0.096056453000950906), ('prec', 0.04652187271581705)]]

[33.834506831247886, 150, None, True, 'RF', [('hum_avg', 0.19276813918962443), ('temp_high', 0.18364070268439553), ('temp_low', 0.18116693154913086), ('wind_low', 0.16513660874621885), ('wind_avg', 0.13259041909643277), ('DOW', 0.098798138756421114), ('prec', 0.045899059977776373)]]

[34.098878319626728, 400, None, True, 'RF', [('hum_avg', 0.19155036946067824), ('temp_high', 0.18372201366737639), ('temp_low', 0.17749686777267862), ('wind_low', 0.16738146334311046), ('wind_avg', 0.13611352719072531), ('DOW', 0.098597942788657703), ('prec', 0.045137815776773206)]]

[34.147114658670077, 125, None, True, 'RF', [('hum_avg', 0.18973053673748283), ('temp_high', 0.1856901935247606), ('temp_low', 0.1828712235294255), ('wind_low', 0.16660440495150328), ('wind_avg', 0.13406816114308426), ('DOW', 0.096800300751691146), ('prec', 0.044235179362052394)]]

[34.149333398919012, 250, None, True, 'RF', [('hum_avg', 0.19048064104243007), ('temp_high', 0.18528905495278589), ('temp_low', 0.17975023775616653), ('wind_low', 0.16967654199320839), ('wind_avg', 0.13440861952593935), ('DOW', 0.097467564729629946), ('prec', 0.042927339999839692)]]

[34.36231118257983, 100, None, True, 'RF', [('hum_avg', 0.19089576993615379), ('temp_high', 0.18642104286743444), ('temp_low', 0.18117747570964993), ('wind_low', 0.16563324583004146), ('wind_avg', 0.13449622408901704), ('DOW', 0.097565557763890448), ('prec', 0.043810683803812742)]]

[34.380936079924645, 100, None, True, 'RF', [('hum_avg', 0.19153933353456068), ('temp_high', 0.18605048071810365), ('temp_low', 0.17902856024526276), ('wind_low', 0.16622045170954633), ('wind_avg', 0.13469872909520134), ('DOW', 0.096114797405593727), ('prec', 0.046347647291731499)]]

[34.396980286457975, 125, None, True, 'RF', [('hum_avg', 0.19366338130198893), ('temp_high', 0.18153486955679093), ('temp_low', 0.18044584716087747), ('wind_low', 0.16468475164405177), ('wind_avg', 0.13751779768154199), ('DOW', 0.097915964386771248), ('prec', 0.044237388267977719)]]

[34.474534377824995, 75, None, True, 'RF', [('hum_avg', 0.18790843837179247), ('temp_high', 0.18555787440831756), ('temp_low', 0.17932489322485404), ('wind_low', 0.1676255896884471), ('wind_avg', 0.13564502832180303), ('DOW', 0.10049689356132983), ('prec', 0.043441282423456011)]]

[34.667496168487105, 250, None, True, 'RF', [('hum_avg', 0.19088175158027623), ('temp_high', 0.18536418230876636), ('temp_low', 0.1806231271523405), ('wind_low', 0.16632861594086137), ('wind_avg', 0.13505123513338071), ('DOW', 0.09710329554254761), ('prec', 0.044647792341826885)]]

[34.710684758251901, 75, None, False, 'RF', [('hum_avg', 0.19250583321919304), ('temp_high', 0.18047248605638003), ('temp_low', 0.17941871298652359), ('wind_low', 0.16651052802618305), ('wind_avg', 0.13702555411145481), ('DOW', 0.10328275825146492), ('prec', 0.040784127348800589)]]

[34.722435885068911, 75, None, True, 'RF', [('hum_avg', 0.18877387096887027), ('temp_high', 0.1874317916233228), ('temp_low', 0.18052890578900976), ('wind_low', 0.16841357613875091), ('wind_avg', 0.13494427594544192), ('DOW', 0.096896813239440008), ('prec', 0.043010766295164371)]]

[34.89140600044346, 250, None, False, 'RF', [('hum_avg', 0.19036708584823803), ('temp_high', 0.18135496808269586), ('temp_low', 0.1773248003616982), ('wind_low', 0.1648487495669427), ('wind_avg', 0.13593738343735259), ('DOW', 0.10662642242873661), ('prec', 0.043540590274336211)]]

[35.107650238110025, 100, None, False, 'RF', [('hum_avg', 0.19365864793715912), ('temp_high', 0.18130316383085929), ('temp_low', 0.17989184958564286), ('wind_low', 0.16595438088308026), ('wind_avg', 0.13659192785658686), ('DOW', 0.099844673174067963), ('prec', 0.042755356732603743)]]

[35.138194528387899, 150, None, False, 'RF', [('hum_avg', 0.18987616281736444), ('temp_high', 0.18032457707078464), ('temp_low', 0.17902597103888121), ('wind_low', 0.17047006615034346), ('wind_avg', 0.13584198853996735), ('DOW', 0.099408792748742675), ('prec', 0.045052441633916307)]]

[35.264480868116081, 300, None, False, 'RF', [('hum_avg', 0.18967398430573024), ('temp_high', 0.1819243389519199), ('temp_low', 0.17894056718411999), ('wind_low', 0.16419506001868078), ('wind_avg', 0.13425833103760373), ('DOW', 0.10812837956375233), ('prec', 0.042879338938193241)]]

[35.309752489630505, 200, None, False, 'RF', [('hum_avg', 0.1917740501606941), ('temp_high', 0.18163343061121121), ('temp_low', 0.1769938735167299), ('wind_low', 0.16493864290390958), ('wind_avg', 0.13742508227696751), ('DOW', 0.10463863769538474), ('prec', 0.042596282835102937)]]

[35.534938955164378, 125, None, False, 'RF', [('hum_avg', 0.19249028972266138), ('temp_high', 0.1818226429694558), ('temp_low', 0.17951601689628102), ('wind_low', 0.16452398644716501), ('wind_avg', 0.13664287911003165), ('DOW', 0.10076801452266988), ('prec', 0.044236170331735193)]]

